{
    "_versionMajor": 0,
    "_versionMinor": 4,
    "boundsCenter": {
        "x": 0.1539384126663208,
        "y": -0.7904655933380127,
        "z": -0.2080073356628418
    },
    "boundsSize": {
        "x": 1.198025107383728,
        "y": 2.478788375854492,
        "z": 1.3100078105926514
    },
    "format": "perpixel",
    "numAngles": 5,
    "perspectives": [
        {
            "clipEpsilon": 0.006523865275084972,
            "crop": {
                "w": 0.3714609444141388,
                "x": 0.20066533982753754,
                "y": 0.39071348309516907,
                "z": 0.5508918166160583
            },
            "depthFocalLength": {
                "x": 913.5475463867188,
                "y": 912.9125366210938
            },
            "depthImageSize": {
                "x": 1920.0,
                "y": 1080.0
            },
            "depthPrincipalPoint": {
                "x": 956.7377319335938,
                "y": 550.3726196289062
            },
            "extrinsics": {
                "e00": -0.057125601917505264,
                "e01": 0.630907416343689,
                "e02": 0.7737522125244141,
                "e03": 1.4157345294952393,
                "e10": -0.998285710811615,
                "e11": -0.045987289398908615,
                "e12": -0.03620532155036926,
                "e13": -0.960157573223114,
                "e20": 0.012740557081997395,
                "e21": -0.7744939923286438,
                "e22": 0.6324529051780701,
                "e23": 1.036180019378662,
                "e30": 0.0,
                "e31": 0.0,
                "e32": 0.0,
                "e33": 1.0
            },
            "farClip": 2.1446094512939453,
            "nearClip": 1.378192663192749
        },
        {
            "clipEpsilon": 0.0062209428288042545,
            "crop": {
                "w": 0.41109851002693176,
                "x": 0.22296148538589478,
                "y": 0.2944507300853729,
                "z": 0.5190402269363403
            },
            "depthFocalLength": {
                "x": 918.948486328125,
                "y": 918.5714721679688
            },
            "depthImageSize": {
                "x": 1920.0,
                "y": 1080.0
            },
            "depthPrincipalPoint": {
                "x": 960.7064208984375,
                "y": 554.01318359375
            },
            "extrinsics": {
                "e00": 0.20075656473636627,
                "e01": -0.6343628764152527,
                "e02": -0.746512234210968,
                "e03": -1.1975032091140747,
                "e10": -0.9772966504096985,
                "e11": -0.07699910551309586,
                "e12": -0.19738905131816864,
                "e13": -1.2760413885116577,
                "e20": 0.06773550808429718,
                "e21": 0.7691910266876221,
                "e22": -0.6354187726974487,
                "e23": -1.2833861112594604,
                "e30": 0.0,
                "e31": 0.0,
                "e32": 0.0,
                "e33": 1.0
            },
            "farClip": 2.1440963745117188,
            "nearClip": 1.3403596878051758
        },
        {
            "clipEpsilon": 0.0053998688235878944,
            "crop": {
                "w": 0.3827859163284302,
                "x": 0.2420724779367447,
                "y": 0.2491506189107895,
                "z": 0.5285956859588623
            },
            "depthFocalLength": {
                "x": 909.8701782226562,
                "y": 909.4414672851562
            },
            "depthImageSize": {
                "x": 1920.0,
                "y": 1080.0
            },
            "depthPrincipalPoint": {
                "x": 959.8694458007812,
                "y": 550.7261962890625
            },
            "extrinsics": {
                "e00": 0.22448387742042542,
                "e01": 0.7021898627281189,
                "e02": -0.6756747364997864,
                "e03": -0.9872154593467712,
                "e10": -0.9732924699783325,
                "e11": 0.12737326323986053,
                "e12": -0.19099166989326477,
                "e13": -1.1712332963943481,
                "e20": -0.04804950952529907,
                "e21": 0.7005037069320679,
                "e22": 0.7120293378829956,
                "e23": 1.209727168083191,
                "e30": 0.0,
                "e31": 0.0,
                "e32": 0.0,
                "e33": 1.0
            },
            "farClip": 2.2296619415283203,
            "nearClip": 1.3037135601043701
        },
        {
            "clipEpsilon": 0.00965628307312727,
            "crop": {
                "w": 0.7999663352966309,
                "x": 0.36897170543670654,
                "y": 0.20003369450569153,
                "z": 0.36420029401779175
            },
            "depthFocalLength": {
                "x": 2631.92041015625,
                "y": 2631.92041015625
            },
            "depthImageSize": {
                "x": 3840.0,
                "y": 2160.0
            },
            "depthPrincipalPoint": {
                "x": 1895.657958984375,
                "y": 1078.6951904296875
            },
            "extrinsics": {
                "e00": -0.08037347346544266,
                "e01": -0.10593532770872116,
                "e02": 0.9911194443702698,
                "e03": 1.7359437942504883,
                "e10": -0.0071960557252168655,
                "e11": 0.9943720698356628,
                "e12": 0.10569942742586136,
                "e13": -1.200128197669983,
                "e20": -0.996738851070404,
                "e21": 0.0013632795307785273,
                "e22": -0.08068345487117767,
                "e23": -0.1843578964471817,
                "e30": 0.0,
                "e31": 0.0,
                "e32": 0.0,
                "e33": 1.0
            },
            "farClip": 1.763616919517517,
            "nearClip": 1.245819330215454
        },
        {
            "clipEpsilon": 0.006190519314259291,
            "crop": {
                "w": 0.40928271412849426,
                "x": 0.16613924503326416,
                "y": 0.37447258830070496,
                "z": 0.5609177350997925
            },
            "depthFocalLength": {
                "x": 911.5370483398438,
                "y": 911.4032592773438
            },
            "depthImageSize": {
                "x": 1920.0,
                "y": 1080.0
            },
            "depthPrincipalPoint": {
                "x": 961.2340087890625,
                "y": 549.2305908203125
            },
            "extrinsics": {
                "e00": 0.10955698788166046,
                "e01": -0.8054953217506409,
                "e02": 0.5823869705200195,
                "e03": 1.2764496803283691,
                "e10": -0.9829254746437073,
                "e11": -0.17493700981140137,
                "e12": -0.057048968970775604,
                "e13": -1.057836651802063,
                "e20": 0.1478337049484253,
                "e21": -0.5661928653717041,
                "e22": -0.8109074234962463,
                "e23": -1.404622197151184,
                "e30": 0.0,
                "e31": 0.0,
                "e32": 0.0,
                "e33": 1.0
            },
            "farClip": 2.007502317428589,
            "nearClip": 1.1998156309127808
        }
    ],
    "textureHeight": 1632,
    "textureWidth": 2048,
    "numRows": 2,
    "numColumns": 3
}